Sum= 56.045000
Difference= 11.355000
Product= 753.026500
Divison= 1.508167
